
===== flik: Information (20x4) =====
                             1                               2                                        3
2                  Information                             NaN                                      NaN
4                        Mått:                       Tabell 1:                      Inkomna ansökningar
5                          NaN                       Tabell 2:  Utbetalningar. Antal mottagare, nett...
7                      Period:            Inkomna ansökningar:                       Vecka 1 år 2019 - 
8                          NaN                  Utbetalningar:                          Januari 2010 - 
10                Dimensioner:                             NaN                                      NaN
14       Uppdateringsfrekvens:  Uppdateras ej efter 2022-04-20                                      NaN
15          Senast uppdaterad:                      2022-04-20                                      NaN
19  Beskrivning av statistiken                             NaN                                      NaN

===== flik: Tabell 1 (60x6) =====
                                          1                          2        3        4        5
2   Smittbärarpenning, veckostatistik fö...                        NaN      NaN      NaN      NaN
3                       Inkomna ansökningar                        NaN      NaN      NaN      NaN
7                                     Vecka  Antal inkomna ansökningar      NaN      NaN      NaN
8                                       NaN                    År 2022  År 2021  År 2020  År 2019
10                                       53                        NaN        -     2374        -
11                                       52                        NaN     2675     2728        3
12                                       51                        NaN     1551     4171        5
13                                       50                        NaN     1691     3427       12
14                                       49                        NaN     1415     3039       ..
15                                       48                        NaN      806     2581        4
16                                       47                        NaN      307     2438        4
17                                       46                        NaN      225     1784        8
18                                       45                        NaN      191     1080       14
19                                       44                        NaN      219      598       11
20                                       43                        NaN      232      368        4
21                                       42                        NaN      278      207        7
22                                       41                        NaN      292      112        7
23                                       40                        NaN      357       56       11
24                                       39                        NaN      528       64       11
25                                       38                        NaN      610       71        9
26                                       37                        NaN      677       88        9
27                                       36                        NaN      766      131       13
28                                       35                        NaN      754      110       12
29                                       34                        NaN      705       45        6
30                                       33                        NaN      639       55        8
31                                       32                        NaN      540       43        6
32                                       31                        NaN      432       44        9
33                                       30                        NaN      402       53        4
34                                       29                        NaN      416       78       ..
35                                       28                        NaN      438       70        6
36                                       27                        NaN      572       98       12
37                                       26                        NaN      770      127        3
38                                       25                        NaN     1049       99        5
39                                       24                        NaN     1313      121        3
40                                       23                        NaN     1604      128       ..
41                                       22                        NaN     1955      132       ..
42                                       21                        NaN     2824      118       ..
43                                       20                        NaN     3996      175        9
44                                       19                        NaN     3417      225        9
45                                       18                        NaN     4331      252        6
46                                       17                        NaN     4601      344       11
47                                       16                        NaN     5334      375       ..
48                                       15                        NaN     4803      350        9
49                                       14                        496     4931      470        8
50                                       13                        908     3852      380        3
51                                       12                       1137     4518      418        7
52                                       11                       1421     4131      172        7
53                                       10                       1783     3904       45       11
54                                        9                       2366     3541       22        7
55                                        8                       4963     3640       20       11
56                                        7                       6106     3469       20        7
57                                        6                      12668     3157       13        7
58                                        5                      18113     3078        8        3
59                                        4                      21470     3357        9        8

===== flik: Tabell 2 (60x13) =====
                                         1                2        3      4                6         7         8                 10        11        12
2   Smittbärarpenning, månadsstatistik f...              NaN      NaN    NaN              NaN       NaN       NaN               NaN       NaN       NaN
3   Antal mottagare, nettodagar och utbe...              NaN      NaN    NaN              NaN       NaN       NaN               NaN       NaN       NaN
7                                     Månad  Antal mottagare      NaN    NaN  Utbetalt belopp       NaN       NaN  Antal nettodagar       NaN       NaN
8                                       NaN         Samtliga  Kvinnor    Män         Samtliga   Kvinnor       Män          Samtliga   Kvinnor       Män
10                                   202203            45451    23791  21660        181035329  85994529  95040800          173049.5     86389   86660.5
11                                   202202             9600     5348   4252         46929783  24705888  22223895          42964.25     23195  19769.25
12                                   202201             6350     3602   2748         28381734  14968007  13413727           26695.5  14334.25  12361.25
13                                   202112             2512     1334   1178         11236565   5630660   5605905          10896.75   5632.25    5264.5
14                                   202111              873      446    427          3636627   1797705   1838922              4042   2040.75   2001.25
15                                   202110             1735      901    834          7892816   3799102   4093714            8651.5    4287.5      4364
16                                   202109             3041     1524   1517         13833700   6591600   7242100          14778.75      7343   7435.75
17                                   202108             2393     1253   1140         10903641   5486267   5417374             11648      6046      5602
18                                   202107             4772     2451   2321         21181925  10289984  10891941          21800.25  10960.75   10839.5
19                                   202106            11512     5987   5525         50538338  24969460  25568878           51291.5   26090.5     25201
20                                   202105            16220     8889   7331         72623995  37948332  34675663             71795   38527.5   33267.5
21                                   202104            14164     7804   6360         64678992  33663804  31015188          64294.25     34247  30047.25
22                                   202103             9912     5234   4678         45734505  23180679  22553826           46250.5   24000.5     22250
23                                   202102             8037     4115   3922         36249333  17941697  18307636          37224.75   18950.5  18274.25
24                                   202101            12211     6233   5978         54519371  26463705  28055666          54164.25   26898.5  27265.75
25                                   202012             9084     4821   4263         44086761  22366508  21720253          44121.75  22961.75     21160
26                                   202011             2135     1233    902         11635003   6629929   5005074           11894.5      6971    4923.5
27                                   202010              333      210    123          2735996   1763593    972403           3313.75    2163.5   1150.25
28                                   202009              137       97     40          2413576   1788767    624809            3096.5   2314.75    781.75
29                                   202008               79       56     23           625202    411965    213237             902.5     616.5       286
30                                   202007              161      101     60          1536489    892910    643579              2275      1343       932
31                                   202006              271      177     94          2779271   1628841   1150430           3874.75   2380.25    1494.5
32                                   202005              432      263    169          3870243   2212488   1657755              5247   3130.25   2116.75
33                                   202004              462      251    211          3879447   1883677   1995770           4385.75   2109.25    2276.5
34                                   202003              132       79     53           982204    541204    441000           1124.25    657.75     466.5
35                                   202002               23       15      8           237284    157082     80202            311.25    223.25        88
36                                   202001               23       16      7           258630    165170     93460             341.5       218     123.5
37                                   201912               15        9      6           146661     86205     60456               207       123        84
38                                   201911               34       25      9           376028    279768     96260               531       400       131
39                                   201910               38       31      7           389793    315748     74045               551       450       101
40                                   201909               24       18      6           312807    249916     62891               448       367        81
41                                   201908               16       10      6           265385    175881     89504               364       239       125
42                                   201907               15       11      4           205655    151500     54155               304       225        79
43                                   201906               21       15      6           253638    167707     85931             354.5     229.5       125
44                                   201905               31       22      9           397578    231580    165998            548.75    339.75       209
45                                   201904               25       16      9           356418    198717    157701               481       273       208
46                                   201903               24       19      5           345997    286166     59831            460.25       389     71.25
47                                   201902               16       12      4           219077    142867     76210               305       217        88
48                                   201901               16       12      4           150813    115161     35652               211       167        44
49                                   201812               30       22      8           324615    276150     48465             495.5     424.5        71
50                                   201811               32       26      6           320310    241470     78840             495.5     354.5       141
51                                   201810               33       24      9           320127    228273     91854               477     324.5     152.5
52                                   201809               36       21     15           356424    182673    173751               463       256       207
53                                   201808               23       15      8           260748    129854    130894               349       176       173
54                                   201807               22       17      5           272378    189387     82991               467       340       127
55                                   201806               28       18     10           250727    182697     68030               357     264.5      92.5
56                                   201805               33       25      8           390285    258679    131606             560.5     363.5       197
57                                   201804               29       18     11           398051    217476    180575               552       312       240
58                                   201803               22       16      6           255659    179802     75857               368       255       113
59                                   201802               27       15     12           323830    164931    158899               447       237       210
